1010000000, 0, 0, 100.092102
1010000000, 1, 0, 5.579040
1020000000, 0, 0, 100.092963
1020000000, 1, 0, 5.581392
1030000000, 0, 0, 100.092963
1030000000, 1, 0, 5.581392
1040000000, 0, 0, 100.092963
1040000000, 1, 0, 5.581440
1050000000, 0, 0, 100.092963
1050000000, 1, 0, 5.581392
1060000000, 0, 0, 100.092963
1060000000, 1, 0, 5.581392
1070000000, 0, 0, 100.092963
1070000000, 1, 0, 5.581392
1080000000, 0, 0, 100.092963
1080000000, 1, 0, 5.581392
1090000000, 0, 0, 100.092963
1090000000, 1, 0, 5.581392
1100000000, 0, 0, 100.017213
1100000000, 1, 0, 5.577168
1110000000, 0, 0, 100.092963
1110000000, 1, 0, 5.581392
1120000000, 0, 0, 100.093824
1120000000, 1, 0, 5.581392
1130000000, 0, 0, 100.092963
1130000000, 1, 0, 5.581392
1140000000, 0, 0, 100.092963
1140000000, 1, 0, 5.581392
1150000000, 0, 0, 100.092963
1150000000, 1, 0, 5.581392
1160000000, 0, 0, 100.092963
1160000000, 1, 0, 5.581392
1170000000, 0, 0, 100.092963
1170000000, 1, 0, 5.581392
1180000000, 0, 0, 100.092963
1180000000, 1, 0, 5.581392
1190000000, 0, 0, 100.015491
1190000000, 1, 0, 5.577072
1200000000, 0, 0, 100.092963
1200000000, 1, 0, 5.581440
1210000000, 0, 0, 100.092963
1210000000, 1, 0, 5.581392
1220000000, 0, 0, 100.092963
1220000000, 1, 0, 5.581392
1230000000, 0, 0, 100.092963
1230000000, 1, 0, 5.581392
1240000000, 0, 0, 100.092963
1240000000, 1, 0, 5.581392
1250000000, 0, 0, 100.092963
1250000000, 1, 0, 5.581392
1260000000, 0, 0, 100.092963
1260000000, 1, 0, 5.581392
1270000000, 0, 0, 100.093824
1270000000, 1, 0, 5.581392
1280000000, 0, 0, 100.015491
1280000000, 1, 0, 5.577072
1290000000, 0, 0, 100.092963
1290000000, 1, 0, 5.581392
1300000000, 0, 0, 100.092963
1300000000, 1, 0, 5.581392
1310000000, 0, 0, 100.092963
1310000000, 1, 0, 5.581392
1320000000, 0, 0, 100.092963
1320000000, 1, 0, 5.581392
1330000000, 0, 0, 100.092963
1330000000, 1, 0, 5.581392
1340000000, 0, 0, 100.092963
1340000000, 1, 0, 5.581392
1350000000, 0, 0, 100.092963
1350000000, 1, 0, 5.581392
1360000000, 0, 0, 100.092963
1360000000, 1, 0, 5.581440
1370000000, 0, 0, 7.340042
1370000000, 1, 0, 0.411552
