14889
7062
4763
8567
10707
6510
6028
6881
9582
6351
6230
6899
7727
7959
116761
12067
9118
5889
8506
8327
9182
8969
8069
9791
13123
11112
10438
11064
11214
11299
10785
11143
11539
11397
5212
11996
11881
13294
11976
10829
12966
12865
12168
13963
17362
14805
16777
23120
21799
12082
11546
8649
19003
11301
14521
12671
13288
12988
15218
17161
14608
15710
15007
17665
17181
19518
17158
16215
13896
20824
15718
19959
16026
19996
19570
22194
23805
27189
26673
23160
25599
31526
25964
18708
18153
27494
20904
27764
31806
25791
22016
23510
25119
24463
20584
26065
23172
28832
26229
23607
19783
20818
21766
17549
23827
27330
31157
22630
26460
26525
29175
22245
21853
22241
23878
21887
21783
452997
30509
22514
56191
50819
24562
146855
62111
48551
46874
135859
78481
174823
49670
33563
49281
58577
46004
55509
55790
58931
52227
43702
37400
43856
47216
45766
46092
41377
45244
50155
45361
40481
26815
437861
58190
45511
53300
52586
59725
55902
54544
404793
35498
39604
44614
36958
33966
37314
24971
42741
160536
30646
42873
390974
67515
47959
50670
44300
47594
29606
27160
78849
390231
49138
96518
26493
57904
47895
53789
66760
422952
82621
64364
60445
62104
56509
31405
171623
64429
270497
87334
74145
46446
71716
110751
426962
191037
438428
104340
153294
313106
572736
20908
2559
411585
5930
8008
14829
283774
124442
239529
782373
248232
121278
115043
103335
82442
504251
147977
489524
800689
302272
598976
680878
331782
741820
194519
78206
432126
98610
116082
438074
111288
63291
56907
53186
71360
71999
63948
470888
157368
771438
150703
116362
522976
98447
91501
71174
465656
306704
447660
157564
125719
495879
99303
491210
85846
59345
74717
114223
106856
101068
977808
414139
672977
404453
574652
574959
325812
708925
442123
787977
576254
332495
627969
138393
136993
610365
171134
93468
83472
487686
138897
487054
137943
69382
79767
420884
87549
107962
614943
205814
122091
521819
97356
74127
623800
212163
86043
74072
298321
386932
174069
142473
508118
209662
577101
683787
647860
125735
131451
509736
124711
91855
107001
459642
111220
96400
422431
122294
126308
94962
473991
145207
103060
85719
539794
354291
5345
356853
34475
205175
113326
164680
476409
96873
814003
611664
163116
476331
143220
119032
492403
106441
89230
468580
141284
585140
256777
487329
245329
12677
114513
811352
150950
86121
495530
108326
123244
570502
95320
120070
148246
116293
597240
135011
1416889
196435
680678
661987
561151
465892
786378
134972
653720
139626
424996
933226
143145
495302
114478
78214
57298
603222
95810
73556
611032
105145
578985
124981
455726
127943
484709
116646
72511
353636
589050
172140
601478
701051
591226
167387
333053
109983
609130
600777
101333
761430
881243
622511
146015
676006
622164
192796
525779
273712
147842
116039
655072
130921
592493
121596
611104
117437
114618
465284
159252
515351
125202
118934
117792
493790
112073
82861
768212
119264
377456
79927
856131
90117
22856
633958
71971
68541
77896
497923
107912
595532
138118
578106
125007
592221
162499
515703
176777
573068
446139
674896
174246
618755
166725
494254
980511
162923
731439
536362
177803
433790
218519
725112
666334
186691
571716
487453
651963
192168
614551
87269
99491
493525
125409
113564
625712
721569
171628
573345
427060
757592
132878
561769
193758
596938
